0.6193494956387467
0.5624939611167241
0.4977409507377668
0.4516664295506815
0.4063689073916332
0.6336818540228316
0.5771572926491947
0.48127505221532707
0.43699993517910574
0.39792600412395485
0.35868229849763256
0.3343860598484468
0.3091813734438632
0.28736099131565507
0.26042011366379936
0.25249885619732937
0.23784121034552863
0.7786814319754541
0.7390102699496182
0.3091420863865769
0.7122416271905712
0.3417064642316757
0.31011911284574134
0.7109646501690396
0.3441409309311342
0.3177043879570163
0.2895729064306226
0.2684882090930203
0.7458661814675461
0.30403206754619916
0.27641964928069984
0.7379048803946476
0.3052677532862982
0.2817579624251637
0.27121028256357704
0.24515730893897336
0.7673176668301821
0.7188005584499019
0.6687654536914006
0.6146010638173837
0.5643035081242622
0.49073554853618906
0.5549207521194216
0.5005665164575489
0.4512841447077594
0.5851234374891456
0.5339710132137945
0.4913676485118603
0.4395638647426612
0.40102137292486306
0.367375087756746
0.6633086580485249
0.3899412965622455
0.6426012817059309
0.4110426768096588
0.3760643082481877
0.34705279739312334
0.682154318164802
0.3710548119584265
0.6620076404729499
0.39164975574072014
0.3605944586946852
0.6693054830319677
0.6189962357194837
0.5610719695780395
0.5077262915890057
0.5315545391858165
0.4935659546277955
0.44408468833618686
0.6035401992440991
0.5442347236150921
0.49983457531243375
0.4468528890804506
0.4054766043334494
0.3781789173977759
0.6649738107642601
0.5966735822868869
0.5574375027307221
0.49607037440340107
0.5416620788706124
0.49071156757682566
0.5446631432012006
0.5037125899843833
0.4474238342896614
0.4065263731323434
0.631110287504012
0.43685218433930006
0.6006810183128671
0.4379920316576237
0.5887084293585396
0.5522246483015653
0.49848629174483405
0.4448415546147143
0.4071580087280863
0.6305469310913979
0.42490669236436607
0.39339620874593273
0.3582267421613987
0.32981303799904393
0.6979349705113022
0.3546326497149458
0.6744053538778435
0.37762255499521624
0.34814557134114577
0.32247038750150003
0.3011960424990524
0.7207916561582063
0.673186142682142
0.6230436835623555
0.43429107798261024
0.3892451426616954
0.3582646801363395
0.6674341809425915
0.6157697713823058
0.4312558323834107
0.40200947033808165
0.36152792270692646
0.6618752268978381
0.3835951341267424
0.3531522581668338
0.6740285016493355
0.37725650265696076
0.6467610567515998
0.40753834067212935
0.36380005850506303
0.6637601134901832
0.3867048405288195
0.36447941012545326
0.6668834019716657
0.37712879639016594
0.3556042582504275
0.6792282330862149
0.626365859332646
0.42137295390982077
0.39682322733374964
0.6418159863319742
0.5911386433446091
0.5390805636904075
0.49000831835298975
0.4454600978156768
0.6005369845087694
0.5467310815716131
0.49558272208682286
0.5581668711441583
0.49906110559066286
0.5502182518135464
0.4911027948358947
0.5485291029147641
0.4992773360957441
0.5532037647658479
0.5036113327683244
0.4581115152721427
0.41756533026704606
0.38216251096571124
0.35645677133193643
0.6804978368308452
0.3795061523558395
0.6444537944148176
0.5961990545898843
0.44592937221808215
0.6007496792376839
0.45707147699159706
0.5744147745293824
0.527447420884243
0.4949421984890373
0.4493262775034833
0.40888049475631705
0.37071103048250775
0.6564909032423132
0.6058394414199069
0.5578141463012162
0.48589040391319094
0.5496965705774642
0.5023358493315333
0.4486460340538888
0.41245299852014583
0.3803366855365463
0.35204623198763085
0.671557332419389
0.6222691628776248
0.571674996528883
0.5269004657487331
0.5273189487504149
0.5271169651722623
0.47993307230001114
0.44142293954422457
0.40202820070198625
0.6199062737619851
0.4205275614085006
0.6059218493914991
0.43309989345730965
0.39718842877690147
0.36590225241481117
0.3392007599485053
0.6741769734026276
0.3608062148717303
0.3338194634620327
0.31046862529640956
0.6965260625015375
0.33748181066156535
0.3136359484949967
0.29267203559801697
0.27417895837036294
0.7286158974194105
0.7129679222389775
0.6411870845836218
0.6188078863212729
0.567117004968072
0.49150445408252563
0.4487662092439416
0.41071851779136415
0.6090323487759266
0.5633015838104745
0.4726984616699163
0.43318325501347726
0.39797008931679057
0.3668890159766485
0.6722955762910879
0.5998846088123141
0.5544381715615541
0.47967497329640485
0.5723387003519871
0.5037395526733104
0.5278059368491257
0.48411924159670194
0.4436842368581942
0.4074812954976197
0.6358649345742168
0.5635203921458065
0.4711439585393328
0.5576012991965067
0.47541344398299545
0.5757738401365695
0.5065723144839435
0.48490151323608965
0.5651886748721223
0.5200481158759748
0.5334247100442353
0.5216127017184998
0.5116264309750838
0.4889038839061265
0.5616443798270047
0.4931012869036493
0.5562670497911614
0.5125141053151049
0.5393503762996211
0.4924700543915109
0.43862818319486263
0.5894512180801238
0.4631615459130831
0.5799778263178901
0.5374202087347865
0.5007205830084718
0.5295974704684008
0.48483169477549065
0.4439749520943487
0.5965119974131899
0.5473576417259349
0.5097791758202023
0.4685544411407544
0.5802609543483268
0.5320086272090547
0.5152474271336565
0.5175218110631762
0.5128297427554284
0.4697245916001237
0.4430370406659314
0.40850677645771893
0.6355419476033124
0.42479695745598167
0.3833791461919757
0.3651886632993663
0.33039150935305517
0.3085926270094392
0.28951626294523036
0.27274634371916756
0.7260944833407597
0.7064837217627056
0.3398703763004924
0.6838830951003012
0.3767694168124526
0.6638031295427301
0.6038421109997232
0.5607959706133214
0.5304759106424006
0.4864181615671431
0.5608908431553008
0.48990831366499543
0.44939659037718616
0.4106602060904815
0.38323532332058885
0.6424580681162398
0.4006303938247332
0.3703851594654758
0.3457511082640833
0.3237977815268983
0.6993613339500303
0.3463937117094734
0.6786279850797831
0.36652895905282135
0.3402726949239715
0.681829699105799
0.3606921252066392
0.3381388761380645
0.683315657185052
0.3574242818433828
0.6641732825383666
0.3758412671445788
0.3517870217046286
0.3267131678018155
0.6952271202709446
0.35159580997864315
0.6736728358589732
0.6284939127796781
0.5860595336705529
0.45599280281543186
0.4235946719041138
0.3942652890761086
0.3678972867442869
0.6548284963119271
0.3855064375159021
0.6404081584731262
0.5943674763075594
0.5533961512289997
0.5132149037606974
0.47014388370169724
0.556683462196254
0.5171949638189631
0.479967794023183
0.44553827895733356
0.42173983135811177
0.38462865529248524
0.36410986123280265
0.3389210749292968
0.6826402993173899
0.3586061837859923
0.6641581855568303
0.6277021216150076
0.5819347633459727
0.464935230802919
0.42375909614732976
0.6026337717190241
0.43498629879779604
0.41074620717311994
0.6194839469592132
0.42269003773437364
0.6123562053715342
0.5668379750587645
0.5269060788916272
0.4846379777380712
0.5545056832656283
0.5034348390764676
0.4756209743586902
0.5619882746579633
0.481644689716218
0.4401644090066952
0.5864185894043441
0.4571250715374622
0.42228025500897215
0.39029245536553714
0.3652747972960534
0.6565603852709507
0.38399981660114957
0.3608454616040685
0.3370697560835254
0.6814617569674695
0.6444329995498265
0.40097558078810824
0.6302668002433939
0.5846395839490426
0.5495473877281982
0.5014168153911194
0.47593290145414424
0.5579233854453816
0.5199248943298647
0.5059443400479428
0.48016581514643525
0.5654158650241675
0.5230517289379986
0.47664874795705847
0.5487960064665949
0.5060862296259709
0.46630592166550194
0.5643950700110949
0.47208032611397327
0.45642635768481604
0.4042501404749441
0.6057651496092648
0.5665819398183282
0.4549163264993173
0.42000503616432283
0.4151773032351344
0.36215454527153024
0.3657706406166807
0.3164722261420692
0.695311972996299
0.6538680910382932
0.5998616403801597
0.4447049135049532
0.6018427162249782
0.4554791858166094
0.5798316109409003
0.44158206356953467
0.5724206398307019
0.447756875214353
0.5658506752217374
0.5392314360670715
0.4991823631652099
0.5303461931244439
0.49374441682425696
0.46708308780240426
0.5590157777548844
0.5163809908270791
0.4763272764796393
0.47133223851799416
0.5798397894995291
0.47912002485459454
0.5611904586012262
0.4558497481890038
0.42130427743638105
0.5962190380776977
0.5451924025406404
0.5086469254288779
0.4816949880670879
0.4461822054536082
0.5741100041801925
0.531067960454521
0.4942341043100549
0.4536965742323995
0.4268239697611915
0.6150286514597588
0.5761587616115407
0.5386972127637295
0.5057029947111846
0.4775678238952634
0.5450958748984409
0.5321422193001963
0.5186185535356521
0.4807964915403621
0.44422020667103934
0.592917602033249
0.5554782280793154
0.5197481148935448
0.4613360621133004
0.4268360555299131
0.5902033892927464
0.46617358605294024
0.40628554816793533
0.37767829667359526
0.35232861097844065
0.6540285866233382
0.6134273028948058
0.5677288419141103
0.44795274714922
0.450383305603601
0.38650632451989986
0.3987693442973823
0.6371109715068342
0.37492161712498845
0.3891543924652379
0.32781401813916416
0.3486518997666458
0.6932204431535564
0.3278603129938538
0.6642302230601576
0.6368068604015232
0.42281334243277774
0.614919227124519
0.5780867186063317
0.43509619813320766
0.44072747183463046
0.6063312012537342
0.5663390458924276
0.5275319591766092
0.48905199862362914
0.5521758999145453
0.49176734165995917
0.5484351609209444
0.5145977844554259
0.4552836082285763
0.4538057729493718
0.5834249165787985
0.5477630652271269
0.5133928313669766
0.4858179832871625
0.44945300436547064
0.56584899778038
0.5246864995219075
0.49375461743727367
0.5189686741236069
0.48035204199158316
0.44476838602984725
0.41254520926391197
0.5956322693428973
0.4643611886174308
0.5854263989146213
0.4724195615167784
0.5689458712294813
0.540538925498538
0.5036054601829915
0.4690035477519636
0.5455736366068425
0.4746477340364691
0.5384926101245556
0.4987465481636937
0.4617069899331467
0.47435411568822455
0.5761949108822719
0.43697268489794977
0.45397894630674
0.5955225453052408
0.46307091491762126
0.5854282440225222
0.47113546123912825
0.5763496547080622
0.5382953745768695
0.504130781129502
0.5426414888163081
0.5040265586458214
0.47291416727425906
0.5383444153474858
0.5363365917671408
0.4652673238102011
0.4315228294232877
0.44829735445268115
0.37448732196603274
0.40043870048200825
0.32833177503971955
0.6625957234853058
0.6229218464106965
0.4313104492477212
0.611681937687198
0.44090680866483173
0.604813630635436
0.565699496747256
0.5320106341014594
0.4783261784039155
0.5291323401451151
0.4793652733512459
0.4901883451785019
0.5567025806427652
0.522333324594461
0.48742429421206435
0.5562519676655064
0.523518825250392
0.4522224096491246
0.4201058820683508
0.3912018722627941
0.4172520967165192
0.627195058080513
0.5901902419429296
0.5545495885224176
0.5214780242123942
0.4857226508576591
0.4505598346521738
0.4185455622736761
0.4446790962591815
0.6021383985970027
0.5647741027492179
0.5322700401744869
0.47229610267602107
0.5271868959361246
0.49766571956328276
0.5516955551180337
0.4723166202468662
0.49082338314659535
0.4090168841964022
0.582375296198141
0.4725500158109435
0.39027355042821055
0.5999119535243933
0.45641928524533926
0.4305998421250328
0.40679936112903775
0.38492119542722003
0.3648378648987191
0.6739690706965744
0.37929867893397856
0.6623126310396227
0.3416630809776144
0.3216531166786103
0.3037818802230094
0.3455157724295356
0.6921599292167953
0.6620714832313299
0.6249950224013912
0.42831183835354286
0.6139398327601151
0.5798635021190255
0.4212706973469381
0.39275295350596695
0.4232680535765272
0.40032721332487803
0.6434791607364988
0.6069939059544676
0.5706223557256294
0.5372343740879653
0.46488064476458624
0.5331691836779673
0.49922088311348467
0.49944497809393174
0.500062545721732
0.4739580267259833
0.4456596266735616
0.5961314068921381
0.4524515430538445
0.5886470673218613
0.5144338157162546
0.47782182046585864
0.4439817351034177
0.5489255960917339
0.5148710519254296
0.532593874029108
0.5134142020081334
0.5327335833905488
0.4511900187559042
0.47658843444945054
0.45029042049822254
0.5937596300544152
0.5606413769698011
0.48979604782351155
0.462752580906307
0.5800828362482628
0.5477039543050943
0.513125412629363
0.5299985955816432
0.454046148326106
0.540581689403627
0.5072144933266776
0.4756245382619232
0.4461081351437517
0.5871842949347172
0.4595735866898074
0.4330889557403931
0.4085552818806968
0.3780811052819282
0.3567908862677063
0.3373886855316848
0.6798626073358829
0.3526676382215309
0.3336930108733739
0.31639525257861634
0.6961690791544455
0.3454856908959665
0.660439974886754
0.6211028699068857
0.3976009487730664
0.365430699070069
0.6551252237872437
0.5913716707094262
0.4138312954010691
0.38942290348448305
0.6004675576226108
0.5604757186385219
0.4374862678668796
0.5948390627729925
0.5157360754837397
0.47928820988660875
0.4455411799706979
0.535532049005258
0.5023276687647822
0.4830949228460215
0.566329639518354
0.5360509832060425
0.5052403775703758
0.4855521059521334
0.5620709894282242
0.47742362099597024
0.44810147950918067
0.5364126336770053
0.46754291862982134
0.4409670975734251
0.4031424449232629
0.39425523607056956
0.3588653701940414
0.33935213308655443
0.6776703218915765
0.3698649815392635
0.6637620541891704
0.38250193440654445
0.6509571231790042
0.6198475241558525
0.4128476491254732
0.4026873680994476
0.5975213719740459
0.4153974780007549
0.620498502913553
0.4125799463102656
0.4018269130189893
0.36799579400275684
0.36214599524437197
0.3305806229594149
0.6547399721834742
0.6152544355085888
0.5752201310822269
0.42985604752818773
0.5614201686148191
0.5223809995389708
0.5508958842183859
0.49128782740995003
0.46139655897996446
0.43356617784743523
0.5980321990537705
0.4398343763583762
0.5915041450040563
0.5615603627893432
0.4881279693068791
0.46096510895470166
0.5820314871488108
0.5527024483438722
0.4939930145264524
0.4970737359928352
0.522737211609589
0.5154781242180057
0.49489661786270545
0.45726499027436673
0.5739978421577708
0.5452446083564109
0.49964785118216903
0.46244094102375066
0.5202237231798669
0.46721498014583207
0.43969036299728514
0.41415156591489777
0.6092881445947622
0.5323321471400791
0.45426730091107903
0.5232216997123593
0.45969351961304084
0.4325570202875888
0.5414071210945202
0.5034539250690128
0.471552574667086
0.4603605797015783
0.418129862944732
0.3940208695096301
0.5736736224220181
0.5977148095918972
0.4551227138813311
0.4303472507008469
0.612525074376191
0.5217681831168919
0.48474753601187975
0.49749324061599676
0.4553443182355612
0.5778336289258067
0.5491596015814222
0.521700587091399
0.4196336163683206
0.4734662147676888
0.3674484207844131
0.43193086040862944
0.6165954028489131
0.35590869788424007
0.33459722798765185
0.62174661382206
0.583850098349297
0.5507623136176094
0.518674113403027
0.5222545703272149
0.41534716881342804
0.5524542822602354
0.4188542214126608
0.39060932188481107
0.4600825106462763
0.582405832426343
0.5610230927434688
0.5192789161072235
0.48865878111348504
0.5484212104721987
0.5035916129729292
0.4680502928020921
0.48993760079206106
0.4772413479409745
0.49308710207624684
0.4807114211829786
0.5688476965483651
0.48295132087311865
0.4569565234999182
0.4183055447246179
0.6088480049285255
0.5801797893095906
0.4549326798909976
0.42874482408942927
0.5279028420592524
0.5698977695138434
0.46556340560663656
0.45498308352104677
0.5887416268165826
0.45950589015528065
0.5110252972378764
0.5563266580869367
0.5295873689014993
0.41785342552158244
0.3897125427521706
0.36442755742791555
0.5831355410472914
0.5443524004747538
0.5008195596562967
0.5388877313344269
0.5080288596607786
0.4932587514300525
0.4671372944412069
0.4960231557547505
0.457542513876368
0.43129494923144374
0.5139208549728795
0.437864432874124
0.4313346817838203
0.6123031954962035
0.4378054744947546
0.4151350520767144
0.39409131808558695
0.6421844164524222
0.4035439478487296
0.38347268313707883
0.6494344060276729
0.37945902936962117
0.37523075791916616
0.5905292250758021
0.38916148586595734
0.3559368460699164
0.5908471030338843
0.3853706699626952
0.36655154945848734
0.3491710781004429
0.609237153639956
0.35210808001703875
0.3486358544509517
0.33253123227670645
0.3176687891174057
0.6384487869265663
0.6801048749753384
0.36456336162435243
0.6676397973242123
0.6394133433743612
0.3953763319146635
0.37443830075260265
0.36721676512314083
0.6632550525918787
0.37836336157560024
0.3496332708690506
0.6673502186178875
0.5614015848907852
0.40357764061161383
0.5435047024464456
0.5033228255030725
0.5776080458778682
0.4708342649262871
0.4460518612420792
0.5946366189058963
0.5677110437983213
0.4308855106379448
0.5024559334445363
0.5439934959492304
0.5020772409809309
0.42993158038781515
0.5003542029423935
0.474088188897972
0.567785965352797
0.5418602388818918
0.5020963412918673
0.5408737623564771
0.5017310048101378
0.5399226507358648
0.5013946322872279
0.5390067705630206
0.5010802072091572
0.4315619429668071
0.4009432519163172
0.3734279196158101
0.4792430140119772
0.5683146081623689
0.4846126189346545
0.462649299831222
0.5828934826068621
0.5521543279256685
0.4957525659199528
0.5462971131297127
0.38133610386629724
0.35600770128225284
0.5576375229981162
0.49068043162771713
0.5523434362261321
0.5248951704814278
0.3979280690126368
0.37045445852523384
0.5396164455872701
0.510104347915036
0.4046025599577746
0.5053789066219008
0.5384037612564423
0.5071355783720793
0.40696523360076187
0.3779483208953525
0.524481737657548
0.3804952510561988
0.5170010869484314
0.49136871576179175
0.46270950909465247
0.44185530902397063
0.41488995869094936
0.3929232647707437
0.6344021792792977
0.6076477406414122
0.4292515148168321
0.47564448821613375
0.44061674538915985
0.41217715568890656
0.3905134048066524
0.6346940979907406
0.3988359383125668
0.503432468821539
0.4637565325144947
0.42747397796231906
0.4672116107910582
0.5795876155258702
0.5539489168540457
0.36763474073413105
0.5120371198406894
0.5392620159160837
0.5139741420581214
0.5326406782841875
0.3532569704318797
0.32955031690518244
0.48567894651719534
0.5637631373457369
0.5331891412935013
0.5038431707387434
0.37326161714094724
0.5056467559154536
0.37435449127435416
0.34761139388694606
0.5118765567304264
0.49233075775770163
0.4663330598350237
0.4420027278080815
0.4193490705307772
0.6205079399330744
0.42564913694772766
0.4495480711679654
0.42996347966986814
0.6108822277594234
0.43534613022016644
0.40937158428776976
0.3934679030111883
0.6398702484642903
0.39733399250969004
0.6313467631959644
0.44306548243869315
0.5841085746320894
0.558926511831938
0.4837983130520641
0.5572559301074098
0.35673631416018853
0.33198097731713805
0.5024110390425877
0.5446578846524666
0.519533050666486
0.49299162501611604
0.46424408381459936
0.39606310052707927
0.4665188528368672
0.4427742867503699
0.4166106664322382
0.3949449561145605
0.6319517105908732
0.40247731554961397
0.3819820127353192
0.3719865343783205
0.34646909891211775
0.34001317496147154
0.6831775217682123
0.5058756686850052
0.6339684192937638
0.3987517108786365
0.6258160324532437
0.4276423753824381
0.5802425854437172
0.46327029699982203
0.5762581105122903
0.5518069820818242
0.49032999628334994
0.3675522053842999
0.3409023448463098
0.5188137788537589
0.296258553684275
0.5387678972831953
0.3048366960698373
0.5295042615660653
0.520319562695621
0.5260515608443617
0.3159875721083535
0.5082522895751146
0.48653555620901756
0.5596692465763302
0.49033250653635596
0.553853394317491
0.2888896391434847
0.5416537093341591
0.5069174851688657
0.27804117768388853
0.5494441389411799
0.49872734613882297
0.5454545992712145
0.5178834430360387
0.5251187690086504
0.29757454260286215
0.5299212779597922
0.5037733008996341
0.32900110175694847
0.49553578768592177
0.5447208837574827
0.5215983927461842
0.5181930418429166
0.5223586169006948
0.5001937994950051
0.47907827966077393
0.5586768668939395
0.5365461119229087
0.3047890886637716
0.5241158896154654
0.4952441880499737
0.5405030937244808
0.496964829512898
0.33885565358644143
0.48897638760678797
0.54783918906668
0.48810960576073315
0.34182468396373844
0.48255149403213304
0.4581354438096681
0.5735359477605666
0.4607105917752098
0.438580149930469
0.41751253346591977
0.4115480048930161
0.377729077394316
0.43992636272860763
0.3711831588519347
0.574430536031128
0.4633349292438764
0.44290258414353734
0.4198262942854961
0.3993709116655031
0.38067830013858006
0.6412411898316673
0.4022723507868406
0.41089638122587613
0.39295863486212335
0.37348515512370306
0.35658880491283773
0.6614282440343779
0.4225504538591821
0.3862979904374202
0.6002899539057749
0.4357552146862619
0.5946165010128418
0.3271660312093274
0.45662629685627476
0.43401370876274326
0.5953734736551896
0.44518127168632526
0.34753251040603106
0.44089646792133497
0.4139128933546855
0.6128077335844627
0.4247606750443327
0.39990832315894687
0.38115223699794787
0.6388639044937809
0.3940869060022202
0.3747926063871182
0.4189287389681549
0.3823799534817363
0.3977885848179942
0.3715261240415087
0.6113246834065945
0.3166011743026696
0.4402757868909022
0.41846833591669685
0.6107170163047835
0.42387580152184934
0.40328196537175554
0.621174768019242
0.4098955562239691
0.6138392408594459
0.5893994434689473
0.4513238916662169
0.5851588189225927
0.30050382261023245
0.4592339274476913
0.5694814693926102
0.5461753229238178
0.5236835448985895
0.5021185667284205
0.5401727802096356
0.5037932591050625
0.2698242383201035
0.5167842572429434
0.5138853164821502
0.5177195658130144
0.5222394257103291
0.4956350273133897
0.2854817400675583
0.5299889371996231
0.5081856150031742
0.5295859931044798
0.5028523165003559
0.2767069575619544
0.25953924833351294
0.5026089004526986
0.26691910633363175
0.2509825927131588
0.5009995859553613
0.2590364166382194
0.48719842462791274
0.4618806611979578
0.43781005190544997
0.30842859377435417
0.5769105985599107
0.5534520668343769
0.5307827570397722
0.5090206326825877
0.48825007637704426
0.19800357470504218
0.18974128067022555
0.5598633111696084
0.5377073959495519
0.2223960171281613
0.49675907019088844
0.5381493986051119
0.5122190068619796
0.23685552372447136
0.5021727000612574
0.5352004229458078
0.22786411795222086
0.21646532839062352
0.20633769506783214
0.5226767591269281
0.5151808807224467
0.5190951051778689
0.4998126608132969
0.4699186424164382
0.2614050729485259
0.5488534694318685
0.48225635049688687
0.24752392202226112
0.5386388822569973
0.5166619033999605
0.5146544226783767
0.5175732789054138
0.204477600905682
0.49043374247322263
0.549021164828563
0.49390663333791274
0.474019378856259
0.5624756398666645
0.5349050845943559
0.2139858163456058
0.516968727331435
0.5170543553512387
0.2080370844389501
0.19860894747561347
0.19016258050856977
0.5336555619836929
0.20097764436301851
0.19233879208580118
0.5271220426165886
0.4979906197049435
0.5335174431501232
0.49971185042821276
0.47421262067914927
0.5539211251129519
0.47403008416172887
0.551915316662108
0.2289932816264832
0.48474771467749367
0.460862010382894
0.4396778606132189
0.27515347026873116
0.4312083170430827
0.276406936906583
0.25861119369502006
0.4347894115448907
0.41517796053749445
0.39482569658460775
0.37695970388101596
0.31702601682105763
0.6250488439823204
0.6006144362867417
0.42579662343960956
0.268684025689721
0.41827445873182545
0.2699806701042106
0.41055364706479547
0.39193291304855526
0.6260574443554495
0.39890770828303335
0.2842989273077049
0.39425736853998616
0.283280839854857
0.38890023844735844
0.6292145125571965
0.25954198498448877
0.40886090762745986
0.26180731936508783
0.24590219075485867
0.4115821069430805
0.6126160551019286
0.2297082314390591
0.42747361949697404
0.40645488121083506
0.25224373403955774
0.23761033731121628
0.2248704236343748
0.2136877874179576
0.4275618241064306
0.6035357285622169
0.20220548094332946
0.43924945251068703
0.4194913535824254
0.39790460096565694
0.37993641620106267
0.362192380151543
0.27464308403683063
0.3586285149355739
0.6597441407050735
0.3673282318237485
0.26673571862179735
0.2500881955345355
0.3730284611469119
0.2515060768631924
0.3660138015747679
0.6532882794751244
0.3740690471347923
0.24716124246486273
0.6356632095069634
0.21377039577969642
0.4012370360314623
0.38096643007878683
0.2345552034272122
0.3822389637805581
0.6444967290971562
0.38122112011239706
0.36257191597067695
0.6499912526977452
0.22720635141509712
0.2155198859383649
0.20523289457210964
0.6058899618938695
0.43323038767464406
0.6000327003666073
0.43637214601834706
0.5944988001912341
0.571172382529682
0.5485316215091764
0.15055270345940344
0.4906876343822897
0.5435796093501386
0.48489355454270233
0.4666604210631774
0.4440356483533071
0.42273480555835075
0.4027533761278054
0.38406052763812026
0.3666058924951129
0.2511756161750759
0.36082338903546807
0.25043904884677015
0.35653392766542014
0.34061218979799834
0.667132425912852
0.6428107999485226
0.22251465288961023
0.21104556591246837
0.3926585407786328
0.3744990559174085
0.635908688123079
0.38648726018710444
0.36581758679770626
0.35292010561334175
0.3352834589800917
0.6676466955503589
0.6434253513865306
0.6194089385986661
0.39847249250064687
0.6118647143650148
0.5883726146534788
0.18809231522650374
0.5602956989457651
0.45849785150885836
0.5573554928511518
0.45803018600666867
0.43868184526941034
0.5724714730293566
0.4403723077230034
0.419798999688318
0.2100202992949975
0.4083618416286522
0.3936795880179147
0.37283608962475434
0.6259933475248189
0.22398165593736205
0.38953547898185414
0.22619838888085253
0.3807883022805284
0.3636230598382447
0.3475560160679937
0.646299004015736
0.3660742565708719
0.3422570012725067
0.2635385386563449
0.3386222422548538
0.653352569964486
0.6291657087704534
0.3732066188832104
0.23334132446689015
0.36574800965760834
0.6270293326928498
0.38697517334723663
0.618598233045536
0.393635405829145
0.22586518812169146
0.3744045556528963
0.35752757991729567
0.24089966308355704
0.36442464883957604
0.34806603561465477
0.3328049646992184
0.2686675019976381
0.3301159082394187
0.26389647300580016
0.24633365801450105
0.33746840062141104
0.24466403990189103
0.22997532631194023
0.3357664374758973
0.3212771344004971
0.30776105394939324
0.6837563304298386
0.6593566724124086
0.35465273821205046
0.22641767408406785
0.6417332582598348
0.6177222427397117
0.3878462033221448
0.19250180675488848
0.6042597393858143
0.41193113101890433
0.5976674569254323
0.40723131413890645
0.38813728276235226
0.37021438556926933
0.6212518240034566
0.3911471323573231
0.3614036555341127
0.35813572518463
0.34214119531730325
0.2414099838759787
0.22675808772463898
0.336127629883032
0.22642291376819898
0.34197898920474323
0.6579725592734301
0.6336733705235075
0.6097303247331033
0.3902980881322229
0.601974139492932
0.4080480953034401
0.5952143255818402
0.40272140520842536
0.38389510615141886
0.19496813969818177
0.18593884411843536
0.3799125146378901
0.19030301073050143
0.6031117097625994
0.5798089732326399
0.5572006507645959
0.45475973222216126
0.4197200295968826
0.571233334522047
0.15272372764560538
0.44277134077855695
0.42151644140337907
0.4014621718961128
0.18644625471588272
0.1782836943178234
0.3957399802183088
0.37713978475077836
0.6177751257378018
0.3781598751077748
0.3683613479308905
0.20528977702608422
0.3535241516878975
0.34512365777195597
0.32980976732086453
0.31550047584937757
0.6689288917906743
0.32459074090999807
0.31450738695318603
0.299256778175343
0.2905225933329202
0.2770770879372618
0.28346217836705423
0.2618859783686282
0.29227896566989986
0.27852134885050905
0.2708972526457494
0.2603843428113497
0.2504269828679434
0.24134007431639315
0.7348873834886118
0.2835826667296537
0.27115081484116654
0.27306749918225026
0.6998476164721029
0.23128930297963415
0.305590035164364
0.2926605199141181
0.28204900916973286
0.6992083890449443
0.2954894246153569
0.2832504388983519
0.6949712196908022
0.29945020265784383
0.2872527504821448
0.6910044034438179
0.3002604012448694
0.6769978318832741
0.22142414254647036
0.3224057147245454
0.30884479800348763
0.2320662765123983
0.3063992453304121
0.2293777464614639
0.21587010663010564
0.6588762131148264
0.33532260854387486
0.6470576237372271
0.18024773261847804
0.35151355524949235
0.6313977268586185
0.6072480219570457
0.1535682126235575
0.39373593783062755
0.37257082367494376
0.17100643966550588
0.6062708853699356
0.3853273927779822
0.36727455107195983
0.35824086877739436
0.3417791788778104
0.3263862139724373
0.6528089937605667
0.18890214149811374
0.1802324571920928
0.34783133328461724
0.3362102253096513
0.19484635781586132
0.3283078928508405
0.3137020518564583
0.30193587780777753
0.2183503232011429
0.6676293037121384
0.6426668367383183
0.34681821913419086
0.333262208318727
0.6446097907751518
0.3430393360421321
0.3293695046299905
0.3149593818945644
0.30297889344191353
0.6693865898982793
0.31481206650120375
0.3033299921100606
0.29005333689024704
0.2803834970395004
0.6884100679527861
0.2929942955537209
0.6737936603051196
0.3053759860206674
0.22565687924931846
0.3054034748387221
0.28997240000266344
0.2777791973267242
0.24502836907237868
0.2762120187480278
0.26484392677652324
0.24963967657230815
0.26420483373497605
0.2427735566290041
0.6896947434234455
0.29958128774409754
0.2169737854970093
0.20468655995383322
0.6620694532607233
0.17644911369206964
0.16902275800370808
0.16237818052748765
0.6232121282054365
0.5989088339261731
0.5753334190489875
0.4088164813985723
0.38828487798407885
0.3827873159314006
0.3647969420199467
0.16023599704533045
0.15432983066793687
0.14898008501952836
0.35356652573823555
0.6183586462491862
0.14044835769818476
0.5907690242569631
0.12444661118963209
0.4050941798048395
0.37633397523992695
0.14117307596666412
0.13690170983357497
0.366627423697363
0.36307998994557433
0.6197145633356018
0.3586736664403648
0.6099659973833408
0.3658862559407201
0.3650398137984677
0.3481282126171765
0.31927505241813625
0.30455216943640595
0.18661281680999506
0.648429648419653
0.1616885744442592
0.15559178754056677
0.6148251102615424
0.35820185497766843
0.36033406080051344
0.15671323092644607
0.615568974007949
0.3561658591249548
0.3386952525598108
0.157259314726046
0.35022549585977036
0.3342210187816883
0.3009983059226883
0.28734943595264706
0.27461143450010506
0.20063654535617714
0.19024561397462564
0.664142856967364
0.16419557563196557
0.307931125839371
0.6459492942022881
0.15172628802857888
0.3239074335620541
0.15586443487533466
0.3136139890755715
0.15950998464591218
0.1536260074083675
0.1482940986241369
0.3461416114045035
0.15301443956326646
0.30568845847768744
0.29137989035429035
0.16529430807881465
0.1589351866995821
0.6509904357425355
0.6252586084080841
0.1259566687980217
0.3773175660135333
0.3595516059343389
0.342905420434513
0.3001880418804419
0.2863047554750997
0.305297861389472
0.29217246863655777
0.2525172084549765
0.2419921157683954
0.7042553769540612
0.6771629004098915
0.2822173766065883
0.1752104721624695
0.6567443894237565
0.33497046027339583
0.16153772928490517
0.29363755141145165
0.6511999763737886
0.14871612809030957
0.344333702506211
0.15320501574307993
0.3019979028652692
0.6432936631097945
0.31295724137184633
0.33494422295258264
0.6435540848572899
0.1453265526815369
0.6142147108111607
0.5895166122101702
0.36434602553464135
0.1253751768742495
0.5782579135080151
0.5548862468458658
0.3969468960118311
0.4157755290900055
0.39577152110251856
0.12976163743174968
0.38084773395159743
0.13565495287788898
0.36705017006565555
0.1410961034828095
0.13656119904118633
0.35860751064080476
0.6150086599800746
0.3665356996374223
0.13822080734380995
0.6017536150040307
0.377984705033209
0.3377863804481812
0.1401978156258402
0.1357158669891804
0.6001964353029464
0.37929779193630253
0.3610936528140335
0.34396995372167505
0.6201994764392886
0.35273229593481226
0.1433865477119236
0.6058947441052741
0.1260557333094447
0.5784298883221161
0.11188075934918543
0.5526702911964856
0.4054697749665681
0.38414662339211314
0.38487527954396206
0.3660669264054134
0.3328631503169869
0.33492452276995144
0.3191690533083472
0.3043884847285735
0.6478000509176336
0.30527574515944034
0.30430839447232916
0.27938417282508354
0.6572336603094148
0.2921369142230249
0.29495252129999083
0.6539430125105145
0.30728960483843815
0.1803870434701703
0.6339124598966515
0.15548521634978033
0.6033072625342928
0.3554869679223678
0.3379390420051276
0.15550421203214715
0.603089031610173
0.5779754060654382
0.376112047212813
0.35699035463288664
0.3401681160800446
0.5996705872527919
0.13946528102002315
0.5708997083504552
0.3790137871610607
0.5633834239654736
0.12124796194747275
0.11785371251029715
0.5344735671916344
0.1052626080455681
0.5104399602202492
0.43867740640903985
0.42055129059416285
0.11346041177980488
0.5242521994429686
0.10162629803185175
0.4270120645303751
0.4038333421147102
0.38184810393061586
0.5534468898818683
0.3851104717659246
0.378762829257005
0.13753005942956412
0.1328372363832235
0.12855425349030858
0.553517604299292
0.3963986139498482
0.3680200236141774
0.3479884313877266
0.14356459388568493
0.5751110384344412
0.1259473066546584
0.5473128957749881
0.4025041585470539
0.38112972041898163
0.1314438041180687
0.3654139251238102
0.5712420658997578
0.37094657753111104
0.13492513500943573
0.5594925974589091
0.11895830566930632
0.5327012180633662
0.5102931289328131
0.42974823347800484
0.406138733226169
0.38369691869657074
0.36248660211209227
0.13648221903311797
0.3474166508126201
0.14178683063095654
0.33356344273091065
0.315440831183719
0.32628681985703656
0.6112785162848968
0.15111064118282347
0.31750024101360597
0.32814892702656284
0.3108005242926729
0.29461655660730546
0.2795436240595184
0.2531094877445951
0.20792565319304085
0.19488657535573714
0.2573333322147714
0.24464947730799802
0.2547723138307846
0.2425772254027454
0.22284673713096867
0.20755987122457725
0.19466193265469195
0.24135758592512246
0.22979477229023215
0.20122660347788376
0.6783641798637619
0.2773765004995016
0.24475699293837228
0.18742121156999653
0.2620875844354825
0.1868259876900286
0.176814353291722
0.24498289266532902
0.17652761559260366
0.6669077093901297
0.2679130103467312
0.647373495821129
0.28207183636980815
0.6296889250952252
0.324736935180985
0.2814764405364477
0.15296600118700845
0.30163650512119733
0.2857324147791064
0.2709745108717342
0.25729204897796165
0.23059845265531476
0.19333665231222907
0.1823075874771751
0.17275897443238958
0.6646784072471885
0.6325200008943391
0.31536265072452385
0.14015413449240655
0.2894799880659369
0.14376023403801377
0.2969183271020497
0.2811013205687848
0.15646653659582127
0.2723943400469191
0.2523416999882163
0.6673843946342654
0.6347544097326545
0.13281899067660358
0.12837972493644248
0.1243146803946874
0.32007938473159614
0.12935104747402476
0.6046668804626866
0.11247405526260164
0.33815300375399426
0.11813966971637316
0.5860331975898266
0.34975460810116554
0.5751796933341768
0.3596562104789328
0.3398673860299286
0.32021715824533925
0.3104688376446709
0.13594266601834848
0.2942061372756869
0.6209316491107053
0.12515609599990832
0.12127381281220105
0.5839600454669887
0.10602218215728298
0.3453798498597266
0.5702139391919079
0.3646842684484235
0.5607491770599484
0.3612306396090229
0.3531575633383873
0.33266855234694637
0.5845299704427284
0.3366140457393202
0.5726683718059726
0.3434347843851726
0.11942050349827132
0.3270986447117459
0.3271307293651605
0.30832223531616154
0.2810033607589366
0.27943408394328395
0.6322669349253035
0.2931191860820326
0.2765890906604954
0.6276612458901832
0.2901333746143496
0.6097691193108409
0.13971793639740523
0.13432942315726656
0.12945382927134205
0.5667787456249617
0.5394750981751807
0.37008264330191376
0.11161162205646942
0.10850602454291566
0.10562035194324018
0.523833116295282
0.39301660287628803
0.36520048401393457
0.11205384700009204
0.34665595003471716
0.5503915237711425
0.3659515661053787
0.1164759511840999
0.3391177876522964
0.5554367967528753
0.3587384978438829
0.33629530588590006
0.13012546896494318
0.1255368567503993
0.5551975364876295
0.109565619303026
0.10656556934374371
0.357963626639196
0.3355273450921856
0.3146551954393294
0.1315931989613965
0.3005060214114218
0.3066691391999581
0.14600394893188406
0.5941107821632833
0.5635763032765962
0.11270199612393031
0.3544627285421711
0.11908789082619253
0.5466539476473403
0.5200240135721679
0.37542721866092177
0.5140855052941209
0.3759647108516937
0.35110736125321895
0.32797228198920303
0.3065734225363429
0.5588993027797073
0.3143179871281647
0.2936988026908821
0.5620057446400004
0.3592038537373622
0.3361405882417019
0.27164801772491853
0.3029339265908986
0.1668560380330358
0.5923691248155889
0.14101321663838554
0.13515761842996576
0.3332557017554787
0.31200778666580686
0.29250906061088866
0.16219764073804036
0.28184197526128507
0.16444766906374342
0.15602805904374054
0.14862575700723554
0.26607940201064806
0.24982320226635324
0.160398898294407
0.6125009594776647
0.27166029572055705
0.2546938741951724
0.6061386212109131
0.30947804235063026
0.5882749024821022
0.28496367510458875
0.5709822513657205
0.2950588258055763
0.3225530530494467
0.2614898417735487
0.29041205292098893
0.233246570072017
0.26295519622661767
0.18637582178777679
0.6220094254406835
0.15427520759475755
0.579083264384456
0.28399038157504775
0.1404944290154388
0.27121011826801955
0.30539034957910915
0.5886169394568883
0.1376971933641643
0.3223031685381571
0.2621867618108329
0.28970219530979613
0.27151050369672214
0.25501316924620476
0.24006666439839597
0.20445418149198613
0.20453468725777135
0.18999230545242093
0.21083611419413928
0.6454591473374337
0.26181143205661817
0.24616877083834354
0.21081415699050254
0.6445122253464487
0.2563824736476549
0.6174553931958937
0.25119800556229954
0.26196851599714766
0.24611084890805246
0.6218043468814589
0.1671149504782767
0.5757595507289002
0.14042354588349598
0.30698113478048505
0.5538331308362577
0.31530066761883646
0.2938589855941913
0.2745637939057105
0.5713552380394789
0.2965258058022805
0.2759174739806708
0.16649446942211382
0.2693201924292077
0.25241823874929203
0.17839367894908412
0.16751766730492332
0.15815951344330584
0.15001142885610827
0.5654072688870571
0.12702553075125847
0.3103845110421263
0.2876354072321101
0.2688522249116082
0.5763404355026418
0.5410844301559316
0.5100293236018476
0.3512571431439422
0.3251242654308447
0.304367197866384
0.5372362284312909
0.12649567417318944
0.32203015076076036
0.30223220647423077
0.2814422240601445
0.27191859261510853
0.5693264238456243
0.14646623370552647
0.13946793759335327
0.5229795004588893
0.32203010612453886
0.5112631031803261
0.4827305163074492
0.45743718972075503
0.37538884703236075
0.10812624163545732
0.3510522397042741
0.35618766685949454
0.3071887627589698
0.5080095281859565
0.34204777989684854
0.49854548467035625
0.3431230445701259
0.49017232416760564
0.3320392994918667
0.13396496774626276
0.47686981442103094
0.45124377112449604
0.10644056292625657
0.42549298332633884
0.09498270412982723
0.41553356402428576
0.3817516408844319
0.11572331228300356
0.3577286548482508
0.4616346019025307
0.4375154772349556
0.1031280008424519
0.39155551512645415
0.43433605332627967
0.3825342972577591
0.3645037003430608
0.33174260412467105
0.47337672653282475
0.12658209173465626
0.3508071952903351
0.46249863133915325
0.43752891691223905
0.3714551240490588
0.3501583903519212
0.3206797987185751
0.294208803851165
0.16338927806016026
0.4859118571290896
0.30690151084082185
0.31375085772988975
0.16508367496761536
0.27588946123821045
0.25428365833885513
0.1796278220868481
0.167529440104189
0.157248749621091
0.2618850523763877
0.5143708352896432
0.1425445177558211
0.27816056781490817
0.25611042418329677
0.5089955851131523
0.4761521434823981
0.44789695789320216
0.1158140351853322
0.32290157250608853
0.4385120983217301
0.31939644998894123
0.3778757486993961
0.4555195118949228
0.12498685332250967
0.37860631726605276
0.3468018521195535
0.26965258480445564
0.15935200335761915
0.47713688895051687
0.13517580047942862
0.4426831900500921
0.3737976006057381
0.3423766913025741
0.28020846021477175
0.2570692504643819
0.23679631155086778
0.2783190735648743
0.5273240170585242
0.2888016961340446
0.18614279784217846
0.23496044222614176
0.5137422351787267
0.1640586986659255
0.25525559690479716
0.1657004372008067
0.15531904738990737
0.47205729150230585
0.27916102970214784
0.25572846782234926
0.4764315408105889
0.26214015647371736
0.3283468170389229
0.30175474507743427
0.21357875354284528
0.1984330847698954
0.1851350385539564
0.21062329834494672
0.18421947181536724
0.2579033110458889
0.21634049215549403
0.5483939434720375
0.1727572328894519
0.21282327562136005
0.19779799658685004
0.523537127546274
0.30949548253111014
0.28515650470383946
0.5226881395498262
0.21783141470137712
0.4973517673690703
0.22945251432563818
0.4766692713589508
0.15080270680252553
0.43746383988476845
0.36809307707106387
0.432952715181694
0.3615505317872819
0.14582523186237384
0.2689308284504527
0.2459056448613407
0.45542773932672415
0.2515088625098981
0.230751056042521
0.2128376531503854
0.30745250741372354
0.19475899757136542
0.19564050457417548
0.1892374725067423
0.2975837872854692
0.18989236438680535
0.17520483138397697
0.16297779697834483
0.20793347828438513
0.193191781872045
0.287428986944685
0.5233583012040246
0.48051134058070877
0.1451399956106089
0.43904395907540616
0.2563994965480535
0.23481950685137976
0.3384206023553801
0.4643949942204491
0.43174705618565556
0.4044707111948826
0.38819005096648185
0.2557297828593158
0.14452540335637112
0.3489074596242674
0.435409485558466
0.13709787299868384
0.40165679016914557
0.11895575705886577
0.11379937078787256
0.29338540113290446
0.3736771391464241
0.41014709456865384
0.12296430626684637
0.38136679321747
0.2995475334384433
0.27100121531439647
0.36366601997897363
0.2304766034732263
0.21206522316999954
0.19622629572602535
0.182518762987526
0.17057914359634185
0.19470507101572027
0.17861905844227763
0.3106041861868475
0.2854912971597767
0.1962121016507388
0.16738887796239377
0.268868764545942
0.14869969188141963
0.24391818824332945
0.5509975038843079
0.16047462714937188
0.20357671322139592
0.1858221254415452
0.17134439827747688
0.2886256223913477
0.1731245845960212
0.17667879657769792
0.1691004187953744
0.4903250418910292
0.19974171613072134
0.18569120249817783
0.17346839433413652
0.28613714761645836
0.2644114764656865
0.19099658255819568
0.1755594234456017
0.1619425596527042
0.26017175473592613
0.2419969881260472
0.5537086400192086
0.16517644745262394
0.17615702772203165
0.5013927692847567
0.45874086451059937
0.12726733927424047
0.12106030108523252
0.11552914451658597
0.34349741860351823
0.31412381819648494
0.28893374643207925
0.4698115802807592
0.13070133652449076
0.30241113866371516
0.2154682969974756
0.1990843029638808
0.18493094124131892
0.2547531343615367
0.23742104208239367
0.1864554831295424
0.17165896389952287
0.5008330239904832
0.2013248898805099
0.14821897950438995
0.13935556485190825
0.2009896752561523
0.13996954385957847
0.4638563093081291
0.11716848416810782
0.22453517046900062
0.12024546471567439
0.43270115273558785
0.23660419490505447
0.21722588819510102
0.3139052322072995
0.18895659470954906
0.17621011397594522
0.47799425819805597
0.18969842267993786
0.17685213030091862
0.16566447140292917
0.4752674844071053
0.13275320677759578
0.3193526391550009
0.17428515330532623
0.4627454176927684
0.31443831794588006
0.4467682955719412
0.41327463363847866
0.11471013925787601
0.2258939306348493
0.3951156356017998
0.10722125019661642
0.23377483663876342
0.11103288557274583
0.37617694463042173
0.38319137589316865
0.11026570751928524
0.37220337720508856
0.2484574838664908
0.2267210494910804
0.20834816162950776
0.1927033728017572
0.12868178298042754
0.12186621594993734
0.34973600687378104
0.12961399122321876
0.12269406862512311
0.18978390908655463
0.41524789166082465
0.38676234815581834
0.10139012204266969
0.22163689342388038
0.3724019384841259
0.3508152985779106
0.33238449494028116
0.08238466163645101
0.26130164807586154
0.3281383852504154
0.0814619542991067
0.07899202823789586
0.44606433700312276
0.33064052312832504
0.3149591332144006
0.435335343896031
0.2553902527944856
0.09808712678738732
0.38522899345693784
0.34882148134888225
0.3748162758833379
0.10951138687081582
0.34851826955308424
0.25002176835943835
0.22735013377988866
0.35714069873446636
0.10474190323903006
0.10029730481948558
0.23619783419168416
0.36429455635041486
0.2020414856555599
0.12538001653225517
0.19281083178160874
0.17891950261480993
0.16696449001792246
0.30863708174970184
0.1543158217051065
0.15429038724087207
0.2866737698287113
0.16377945614887585
0.15157907493922423
0.42480992572945886
0.1704755928080931
0.15962505086171852
0.15015567862082735
0.4232541432407535
0.16037621416558145
0.4013439685771866
0.37353520415424596
0.3505102433257767
0.2015766429327116
0.11097460185764559
0.3378473021667556
0.09784598288397099
0.31684950580058185
0.08759146326708345
0.41917776933698525
0.21420573665703246
0.10470991018622271
0.3736016337300613
0.3485487358662069
0.35750467075508907
0.11736647107550288
0.19775721929757895
0.32363444642972783
0.3739507503650687
0.35074136334522266
0.11064073680537098
0.34244610498290573
0.11771992545732254
0.34083137574202993
0.22064356953916742
0.32804363786384616
0.3000628031519934
0.18125123977905577
0.27021559564733844
0.15540635340520348
0.2593001457898032
0.16084323194507777
0.16310859130181476
0.15058460830934753
0.3964109729440285
0.27445771143001796
0.13739808171524323
0.1287797485970026
0.3722299040418676
0.20565360401213428
0.189329069365609
0.2738999921272489
0.253878395575722
0.1603149486980987
0.15468491114904806
0.14338514126058358
0.39644637376785635
0.2682284548532504
0.38450432387085104
0.1914924736790693
0.26263053946665604
0.24410406860494638
0.14673929439812933
0.16986931756370294
0.1439966575662094
0.39447334101679243
0.12113388839171074
0.2641313697008
0.24529729952357138
0.13332503734481638
0.1803093582087173
0.13244323062197466
0.23639848752997838
0.4021413400262817
0.37345004237570145
0.10890545903794699
0.20836103923233118
0.25889181553059815
0.18369840181057584
0.2348266555025611
0.3956598626468077
0.36803232271778574
0.34530442091707225
0.21450454514330597
0.19660855666667143
0.26097840541972994
0.3625403688973345
0.19000130071284238
0.17588010563544632
0.36066460619711405
0.2664313249747622
0.17156635869859482
0.13856697569958873
0.35595875985353226
0.11828156313622204
0.18734718155615238
0.1736450798960213
0.12539154272154726
0.11776112655525103
0.3385992087907402
0.10240462538146641
0.29660603260122265
0.3315366400926771
0.09947145086363268
0.31056131800474635
0.30823511037920603
0.3110501542932392
0.21887910515819697
0.3072235492382041
0.21339306115119794
0.09905839271124989
0.20024737176342866
0.18453812365032607
0.17123689332768066
0.1598538957695741
0.2773834625683047
0.25489838570533196
0.23607546910735389
0.3784098045158754
0.1462573515528891
0.2344958559558613
0.13271291345094738
0.21534499445753208
0.1702580760401435
0.3835633999522127
0.13996392165460522
0.1491831079715349
0.3578315928750448
0.3354406576382193
0.3166417285114087
0.28133963106507964
0.1724644942856266
0.12299411927868892
0.1662502716500578
0.12158937937001402
0.26153833260484727
0.12410424293061892
0.3289546156155266
0.3111095146846583
0.2958066108494709
0.09331572680276454
0.20139741211076034
0.18531606578274684
0.2975970115057196
0.18342091986333553
0.17017036762101023
0.1065753240713631
0.2929633317334708
0.11143256191375574
0.10508324582087013
0.3023686952882558
0.09275955292773305
0.28496683591589594
0.08308247103162429
0.079717221297649
0.32107894631587097
0.1890440909102291
0.17477233577215157
0.16265487477040963
0.3071542116460451
0.09512548787711574
0.2940119608745233
0.2681914627704438
0.24693643492976258
0.22914452647540207
0.1273171133798564
0.33352128181208873
0.314631725083511
0.29855045422441845
0.284659978507754
0.19485879999651023
0.2688528503323675
0.24777172263174752
0.2300931738665879
0.21504372320405485
0.12840906036861693
0.16120382182906035
0.15063467505686756
0.14148990568915842
0.13776740190502135
0.1273877891443746
0.14442491944563496
0.20602650840224446
0.13188704387891456
0.1223920155967924
0.14210830251702722
0.3436263308968575
0.3227626646429664
0.1584874601242252
0.31286197977572344
0.15987139793381755
0.10331610376886745
0.09762572044484978
0.09258906133684362
0.2515235530923017
0.3048228285555549
0.08906413904784126
0.2500640627059434
0.23125362519814507
0.3089238508454595
0.09225577889233158
0.17428256838286527
0.09303947629059976
0.08845631604723624
0.23679191415363832
0.16362361435225004
0.31014294563099987
0.29436529263599776
0.1750791347847035
0.2365039509120218
0.29939198517495386
0.08872843015830233
0.08454062388133672
0.2404827016326181
0.16929401044975378
0.29744196210380863
0.2310093458156628
0.16286916186568512
0.1519779959667502
0.2073605561918277
0.13834229306154222
0.13064461294215235
0.11928380624642049
0.3258356943740775
0.3072068470728981
0.15003937353908503
0.09937024452905371
0.09390283903022863
0.14836751374118273
0.22228382051143847
0.10042800178718057
0.30386290621300166
0.22440161561271088
0.0946766681430659
0.08972140785369145
0.15141256659072122
0.2986058797284748
0.15238179100717542
0.29086679885986993
0.08160458939236323
0.23835149312245685
0.22065103320569002
0.2057673139386823
0.14170638074825026
0.18995585400996018
0.3196147333622308
0.19177899728952086
0.31036032526532387
0.29365806601614003
0.27936025311900053
0.26695293206602433
0.22518952384802216
0.2651110890475897
0.22000407573817427
0.17612320567692552
0.2014134569159749
0.18957308672524997
0.2869973520454268
0.16490501575818917
0.18595855366529024
0.17602544296816547
0.1462914788555767
0.11901732525211339
0.16907223337376953
0.11614412622844614
0.16548890191604027
0.1407276818714439
0.31384302318461915
0.1431896629784719
0.16337443051511102
0.13180149357116577
0.3162683885971462
0.11468133720832646
0.29277706490211963
0.17965470040242237
0.17022574259400147
0.11016936689870087
0.14730298618111293
0.13826830174987548
0.16058066970486873
0.127635479772076
0.31466664891434676
0.1311966602232728
0.3023685242115741
0.13393822337973615
0.11340749839773799
0.10562402093584994
0.28271165945012355
0.14407178144526367
0.09666948433767093
0.27169640410748563
0.14802144075912071
0.13908597303566794
0.2716363426938831
0.25942309830873306
0.24872148146275366
0.1559135767994957
0.08235951722553371
0.22034210364160656
0.25116831138359613
0.15247584021126148
0.2104360165709236
0.09005947036174433
0.20057473570987716
0.0909875423000655
0.14171436172263918
0.09004958919063197
0.25971342158049715
0.24890189334704077
0.07582802873262218
0.23712177943247337
0.06885803654579616
0.22702768139024526
0.23424400868135042
0.06851802346912961
0.22616896199172543
0.22754618230088242
0.06796977066370757
0.06530251083240916
0.1779014228972461
0.16450271442174158
0.07076065596137797
0.1558540478385999
0.2084012733626588
0.14166762613345307
0.19144311796779168
0.17986191584506728
0.12689482459678358
0.16748588693604405
0.2800304915958614
0.16834849015405706
0.12317641039459426
0.10106320058714907
0.27422547516713003
0.0884607269876914
0.17424057004652982
0.1286811574584329
0.09202668142898017
0.26681910260288105
0.13300357594075074
0.2601839714617293
0.24898914688334667
0.14082565892457843
0.13270680639627808
0.12560292271545448
0.25452308820388664
0.12646695327193158
0.12013597955987199
0.2533802592782487
0.12139784419761868
0.247362977563315
0.23740400952722363
0.22857688248609315
0.13508280212714252
0.21360882216973698
0.12406896067347617
0.19630918401104414
0.18402624729144934
0.09581734524632883
0.24814279050802904
0.23797950584833352
0.08040547128059333
0.22657381976754362
0.21883452134951062
0.1432125769380318
0.21665034079557557
0.21579379765535756
0.07490174702328516
0.07143559663893616
0.1418850227015349
0.21775989132737933
0.13962232216898463
0.2154784590259623
0.13752390141808613
0.07152203047564894
0.0683766884689901
0.20959841009554642
0.14018751384992523
0.06573652520673419
0.22612902710350402
0.20905689208007405
0.1948137814907931
0.12330149250553757
0.11725632906184891
0.11187349814935676
0.17633360768533002
0.24626438621482086
0.11063533494673694
0.2400539558526519
0.2305302281409607
0.08094388582544917
0.21967299594856587
0.1979422520006301
0.18545552873723514
0.11942716513530571
0.11378968972458114
0.23325183691129886
0.11449249121821625
0.0876215159495563
0.1795076349554373
0.10941832227274118
0.1048049530822126
0.1006343265205043
0.24306424448225655
0.0907020433579471
0.10516159501807698
0.10098435795368033
0.23718080983750967
0.22771789412993793
0.21933211789821097
0.2118373966758796
0.2004110851521813
0.07931847605909223
0.07525270130227407
0.1941704912883102
0.21339728163575053
0.07299218695260715
0.06959022193515386
0.2028024661880449
0.06381381897515469
0.13356402282582636
0.12633291762212284
0.11997125383600171
0.06924938230134647
0.2052601538874474
0.12124378888075493
0.20283542361568735
0.19691203561836304
0.19150260284555745
0.18653769129554118
0.05648185332120845
0.05452782763059754
0.17971509285120388
0.05100449422460783
0.2404848866041025
0.1387820176959239
0.21783136427553917
0.1271150983908803
0.06366160216046904
0.12259234568650346
0.19998360309151852
0.1868053439938363
0.11072764117334288
0.1736888813759626
0.10354009939473985
0.08172295932718925
0.077311027459167
0.07340453241106167
0.10590922631659994
0.10155131119626715
0.16811347923337538
0.07858393362140699
0.22473411091038217
0.16864107935884398
0.07474432872243411
0.21984765299075792
0.16871588787550273
0.1049272671894218
0.15796618805873097
0.15012608876814315
0.2314427736331298
0.10189661426937113
0.09783298600228307
0.22914817483560068
0.22030483093791356
0.0734982080590552
0.21033953272162884
0.1681288382884205
0.10844603647556594
0.212122590577669
0.20508753157996956
0.19873873684262203
0.06386021221235627
0.11951299167828267
0.06362545318198506
0.19333448631792216
0.18805080362931556
0.05652740815808876
0.12597354210325118
0.18821037837092647
0.1907800716112866
0.12089057124169689
0.18905353054659774
0.18502494865710606
0.1892683982324622
0.059667958124889016
0.05738521067445037
0.05529277507013186
0.18581873382683034
0.056780892886590245
0.17667816717266815
0.16662091015136582
0.06114931298912961
0.15996641467189088
0.061756138772198835
0.1956613906375447
0.15913563581522217
0.059848758449737076
0.19321682615195188
0.187900626942227
0.18302692756284844
0.05142449774918048
0.1695510252167537
0.13721358944415962
0.055057265574189704
0.13086618522127402
0.1882213683316589
0.053461153851209184
0.1645147879367157
0.054437102629936895
0.1577078275450159
0.18977845736001522
0.15463376129495443
0.1284640379249723
0.12137147763403411
0.19612070120519864
0.19045599981949668
0.12385804753001861
0.11740890557672734
0.19202654780211428
0.11587526325502018
0.1103820439854638
0.1054804838693485
0.19602017190444807
0.15419662855784977
0.19462128171907817
0.18898240613713413
0.15634737267201304
0.14866668269697814
0.06591709130907857
0.06301368289086778
0.1459709718300859
0.13936688935298958
0.0657940064818791
0.10897429654636681
0.1339261511953569
0.06772261041329507
0.20049760027863298
0.1086622895091861
0.1338014384223133
0.06663083138350887
0.13029424649747634
0.10248934847478808
0.12383397049567435
0.21013189130312704
0.12418692193745262
0.20649582433121066
0.19953828536375193
0.06381356591350487
0.1102782570899602
0.10525884735036983
0.1978758991242968
0.06265915395558228
0.13456513720238628
0.12899300850209638
0.06487215192688438
0.19589041618263583
0.18995353886631364
0.05717913882369274
0.18324798418156146
0.11904300316819649
0.13896937649796615
0.05749935039430117
0.1346414155703355
0.11123400669894778
0.1060946894400816
0.06171470787455879
0.05918774887003469
0.19069314015444747
0.1852071112240801
0.11260647935957713
0.10737458471532735
0.10269744956525628
0.0984885449792614
0.13269302660876914
0.0932012359020501
0.1259931016982192
0.12107332066981902
0.08726819743727199
0.11560278114463418
0.07318368498999218
0.08494402217175645
0.1125813755592997
0.2154278351780808
0.08520360187860176
0.20982053292284186
0.06821329308314533
0.08800832346724041
0.0667794274461537
0.120185862495229
0.20455988705035721
0.08927393536625383
0.06471369476877088
0.12113847552114321
0.06410747897438619
0.06136349653769928
0.11997396721509868
0.06094694515917117
0.20032630255657774
0.1216613017314837
0.11703779943269765
0.0910120686015723
0.11180017719386537
0.10801720793863145
0.20988088848502906
0.10911512143378577
0.10557062414590845
0.08752904856727861
0.08450794654737237
0.08172968076355747
0.07916475600969963
0.07288288027477548
0.21685734009308757
0.20817954496567373
0.06257965417640149
0.1987926013362424
0.19214716867112036
0.09533212522198642
0.11896290446911928
0.09051315642350166
0.19469444027962882
0.05766856376730377
0.09236379388209648
0.08904948654943379
0.1172611370821055
0.06057882570437812
0.1937743633391005
0.08982031638587062
0.19006310661780398
0.18419692172887436
0.1788776922608064
0.1300480580486566
0.12468332826099471
0.09410867150141311
0.09066832253392787
0.08752210434004981
0.18793767899636407
0.05715265133574837
0.0893008024626788
0.08628694882237287
0.12029305242623833
0.05997005881868694
0.18727908087867257
0.08696964641748339
0.08414107132759052
0.11948824454196272
0.08039997530623111
0.1141518904542087
0.07701574271705525
0.06498952139052208
0.07619954345063162
0.11019025178926356
0.2007325298073135
0.19353496569181178
0.1871007637716653
0.18130681486762418
0.08614784702320222
0.0566416171313737
0.0545165821361621
0.08583131622428763
0.08311444420343583
0.05523198469527882
0.12455451379800853
0.08055999741898234
0.1186823175219216
0.05846791919689135
0.07831815018723176
0.11490239322870743
0.059380072211931804
0.05704163343843302
0.18826245864854546
0.18230303363182562
0.17691293754847795
0.04883873749716173
0.1269104703110675
0.049123951212090816
0.12298534575261844
0.08629793224414195
0.0834903242275099
0.1806745739893985
0.1201142354044209
0.05165689362670921
0.11683609633233194
0.11254257478932639
0.10862364687900339
0.0807260889138719
0.10421181503008514
0.05780952387107394
0.18986312780568104
0.10612000931727084
0.18647299826808278
0.18055450997381303
0.17520452912150733
0.09032452833347049
0.050167401781195574
0.11388939559240263
0.05011151227857445
0.11106881010332748
0.10729428518328232
0.051491033749445046
0.17760467590526838
0.04793416868623966
0.04646439365562779
0.045096567110443346
0.11169880223456863
0.1078398157357322
0.10429845882797395
0.0478920542543463
0.09158522856049045
0.17902800381612682
0.04597099861901583
0.04463833763116601
0.10658554879211657
0.10311722618662367
0.17712128883384393
0.04425684928524284
0.1710854575495475
0.16651256435766337
0.04021545701944004
0.11167179584873654
0.16418212133426766
0.10491349296490382
0.10977270078803825
0.09917595569647053
0.0951571523134691
0.044361594418303264
0.04312932380533272
0.10590492225188641
0.04320376313066273
0.0934734056192329
0.10242207127775893
0.04448371844696453
0.17389218004355703
0.0930960725699046
0.04293451783398181
0.10340725333488865
0.08958164684327008
0.08639059782338387
0.17759727057437943
0.10178648880707919
0.04486590129878906
0.08655869275820105
0.17616881061788522
0.08665293607419722
0.10119534017775755
0.17577846208993286
0.10139919007104603
0.17316652555300815
0.08786207743867136
0.04459112914059789
0.08580975678528058
0.04447250677489536
0.04324011937134153
0.1698184961456374
0.0876665170504114
0.08469599785794324
0.08196358654467728
0.10324400844400139
0.07854839435680405
0.1760554921894087
0.1708506729238753
0.08182243230453379
0.07933408568168565
0.04493230222360981
0.07788799116906486
0.0446639296095185
0.07651935362619955
0.07440166508688306
0.04533407872608061
0.10493948351328097
0.10146279999777985
0.07157963939719658
0.04754380864592735
0.0461272855260516
0.1778050441786009
0.04312263377547574
0.07493403588371883
0.17334347279242016
0.10656466347073146
0.07466741920399045
0.07265884014830837
0.17466576318880786
0.1049391384600753
0.04401310900177936
0.17114765277278196
0.041313186113181515
0.16546384573000794
0.07926195164408223
0.1629557204441153
0.0794470598492788
0.07715965450127815
0.16239407652139995
0.11367121805339875
0.160892985529888
0.07886288192001312
0.15864657339595462
0.15480520198630984
0.15125751974329388
0.03651714957311676
0.1473611820170637
0.1443460702460326
0.14152986132611567
0.0907454375427108
0.08769275224836304
0.12785104947895598
0.12239753091110994
0.03745096673019575
0.14689773334841008
0.03562736260858336
0.03487161666806867
0.14277471634253405
0.03329335718970046
0.12633933462204605
0.1420801439271285
0.09055211125066509
0.0339241064359073
0.14062125661937905
0.0902666892299997
0.08722997661198284
0.1414169948457427
0.126791242598572
0.03458753140150508
0.03388009397192814
0.14022698521037102
0.1376385275890385
0.13520616530228738
0.09269393620596711
0.03178997599900566
0.1341480297286552
0.13300757803650887
0.03172245978634514
0.09138725291766214
0.1356428141657921
0.09022205313240073
0.0321210802549845
0.12904237390854945
0.08659916593316053
0.13858639986132695
0.1360725095420399
0.12757135670089348
0.033205875290840715
0.12295544390741475
0.03371601901798406
0.0330447753947376
0.13702339573658373
0.03164459380927105
0.1227358390839638
0.08878117089530535
0.11684660139500624
0.03412181109809434
0.13990196982032066
0.03261497769925511
0.11638185808122725
0.03304509559704018
0.13856619224483638
0.13603572206729256
0.11753348444821188
0.13586415573546098
0.03118619609909495
0.09323966564042685
0.134747223752309
0.0918481186705693
0.03164700837894784
0.031064903135123632
0.030507771246917607
0.029973974886878422
0.02946201880345775
0.02897053499564059
0.12052602473778717
0.029481541594945537
0.028990287603056768
0.11701319852064407
0.11254146484852723
0.03038344649076648
0.13693768022826255
0.09292510004475185
0.029998486052041737
0.09016660638211527
0.08702337421631356
0.139095636642665
0.13651140482112975
0.02963871994985248
0.029142251876334825
0.1332814180618372
0.02803198988528841
0.09174677576144064
0.11721416322949707
0.08740829756562907
0.08451272089526485
0.13762693497916753
0.13512070246507607
0.0294167013016322
0.08618147284102162
0.029674009061916036
0.1334858051341146
0.1183486841971777
0.02948464629095849
0.08529534031606145
0.1345196327558328
0.13219104994740624
0.12999586775603825
0.0879750154620933
0.1294128257476435
0.12736620010700594
0.08853427298861372
0.12688664232844515
0.08730467764853966
0.12404052457319636
0.029255953271016148
0.028771270874853774
0.0844825386842617
0.029011976269234893
0.08241962066957143
0.1302573737014551
0.028597967571744157
0.12198480302666714
0.11698261965267509
0.13206938265001067
0.11468424582679215
0.13191766532300536
0.11258283862858831
0.1317215534005291
0.129510439377056
0.11277008283291945
0.10869546681046038
0.1313333753151491
0.12913047827779858
0.10912297143218008
0.030632577347155687
0.1285338144851199
0.1264822883892266
0.12454053024042848
0.12269907085204844
0.027723216994489958
0.027286603143304028
0.026866158037030297
0.09470927282669894
0.09123957510503389
0.12291041860223223
0.12115139484843468
0.09128464112252654
0.027671776981760494
0.12055597072360327
0.11917339883345002
0.11454327448452428
0.11033476376614015
0.08712301732776362
0.030123810173617933
0.1255644326412597
0.02899487357564441
0.10877429453836385
0.1251046767602504
0.08775550598718229
0.08485710099076649
0.1259913137498787
0.02963680706021653
0.10786190529347917
0.0834451460138036
0.10342895924690287
0.08003847168901057
0.032297395919440655
0.10000354330756134
0.0325123602963229
0.07810239785830586
0.07589712615243516
0.07384401492761916
0.09558327577259784
0.09280855280170308
0.09022688554579505
0.08781773314022778
0.08556346785241475
0.08344886395845008
0.03883594387011477
0.14425941084999921
0.08414518352202416
0.0376281791189846
0.14207545295573343
0.0357909431655109
0.13848356406574155
0.13572109954605535
0.08926095726112238
0.1347499999506235
0.13222279331150733
0.09073775235508619
0.03321573650077637
0.13095540980959164
0.08095675161354876
0.07852266276219877
0.08942097529370185
0.07560582079527911
0.07354171126001385
0.035542359983574225
0.07222094349060137
0.0859406182796838
0.06978834995660488
0.06808715102518248
0.037649484263726926
0.036784481357087236
0.06767761209345935
0.03664152247284222
0.13992495353596154
0.08604602442762732
0.03564610016943946
0.03488535836317884
0.08498875518787585
0.08287269832841149
0.14066343298655967
0.13768641628871528
0.13491529209380304
0.03296632738959084
0.07339356509892903
0.03300263619968797
0.13262981359435064
0.08908329768795142
0.0729985853798013
0.03298431356356931
0.032346367933953686
0.03173727792184856
0.07272969175931576
0.08715379808129364
0.07024477212904745
0.13570224740419265
0.07012624706466375
0.08575771411406752
0.06783590007735685
0.1370825753439088
0.08501908246688128
0.1358743936756516
0.06888953857820157
0.06724943113239701
0.1356022319495688
0.0856962484177799
0.0835322969815081
0.13599531404140106
0.034241769322925324
0.03354608694403995
0.03288338517472746
0.08494254250624855
0.08281897307967545
0.03357694414625185
0.13425305216287559
0.032126306100996156
0.031527444714358706
0.08413405077747171
0.08205433724190836
0.07029779338322129
0.06854080647715433
0.06689145121812534
0.03409486615147786
0.13685171710574842
0.03258157282622087
0.06798033530421044
0.13477071211266287
0.03178321132838714
0.1316448694300784
0.03048328734697568
0.029954900132737692
0.029448047483216045
0.12794312258404827
0.1257232712863414
0.07441504979006697
0.12482408386881624
0.09122288389117927
0.12428527401504051
0.12226790450931434
0.027239712662130863
0.0925150587512319
0.02745437291929834
0.12116936169106114
0.07780448085108616
0.02710273742061502
0.026697505119034137
0.11985234312370818
0.11807225862628656
0.09551309798343632
0.02594462124579763
0.11755526174729153
0.025108464740421634
0.11560548851302059
0.09669771582235143
0.09376828909593116
0.08076299064157122
0.11812420006554451
0.11641714418022742
0.09355143704536406
0.08038712431632078
0.1173946940994378
0.07937521231943667
0.11687786420893402
0.11522492566836277
0.0797468382848946
0.11478654518827788
0.11323341434586444
0.08002883918229553
0.077726052658732
0.11394983113476319
0.025899548172541344
0.025530036193599972
0.02517298109164636
0.02482773502265664
0.024493695175013503
0.02417029988170301
0.11081928888055174
0.10099467571830145
0.097727355906431
0.024685539112924922
0.07957937829141404
0.09447409093128334
0.11455572322181651
0.02505987257580254
0.09361324210478361
0.09089332285508034
0.07695609407838366
0.08777574360336282
0.0742068473927272
0.027579461890716285
0.0853179134735157
0.027718480140875017
0.0835504204768398
0.12099965672267199
0.08301693757262785
0.08098583760155387
0.12167384071445772
0.11971796229994813
0.11786934387579394
0.026741080510214576
0.11580485056838555
0.025866613982768037
0.02549965899135036
0.08616433603386853
0.08394445604407086
0.07781349262748705
0.08130349690578043
0.02728951724261022
0.02687633857614724
0.02647799108899295
0.0804992840922596
0.1187595917822322
0.07722937700488763
0.11809629218494354
0.08096035879808439
0.026657115376009153
0.026266246632001423
0.07673096464395568
0.07456574564302598
0.07255123730738977
0.027569529791159304
0.07111309026983337
0.07812447735181094
0.028193879207976495
0.12189651047994644
0.07061642580536842
0.12097959385047095
0.0792318968502208
0.12026835345440758
0.027135076570735397
0.07142119592082263
0.11909195196258189
0.08020886923746451
0.027240476901766085
0.11813680211372787
0.08013084754996025
0.026817529054124378
0.07202474600917641
0.0269555452393095
0.07061200213810848
0.06886174191503291
0.07756251034935091
0.07581503113837618
0.02857974409561509
0.12210588706645299
0.07599973848939845
0.028034610264133102
0.07470397933751916
0.12208545320389022
0.06885869594736926
0.06720175965741904
0.12213543780917108
0.0751416055461046
0.06648641935966093
0.06497179339842007
0.029458745985297075
0.12291453345020563
0.07454472993985262
0.07296012476326752
0.029327950004826266
0.07182527334639288
0.07038057762386074
0.06900845139959422
0.06360798857831307
0.030741701236011488
0.06769675208277415
0.12793061969942293
0.029962169484235572
0.12506436818200603
0.06542972985013629
0.12383675148651882
0.06526772482167009
0.07033210907540777
0.06341698795220652
0.06859006248028499
0.030638982542137257
0.06766163695766447
0.12661095407407888
0.06307359899350762
0.0674836394011038
0.12635175727361328
0.06268237642278696
0.06136512198523025
0.06696218107953167
0.06574934604897542
0.05941413146457508
0.12918342219073575
0.03179169260694909
0.12614507778834264
0.0674939734548311
0.03096789188271435
0.061364307580971444
0.0601148488504758
0.06593552654482049
0.03185512413280482
0.12702078090370875
0.0305714827784914
0.06072499860631431
0.030526417205566463
0.1246955937755285
0.06831443174455964
0.060816058403308615
0.06669110835844316
0.030705622499056034
0.030174364565678936
0.06006862637011445
0.058880172139400666
0.12663132583706627
0.12420073805908122
0.029268878160335292
0.06868053396564411
0.06737714532839278
0.12370250338837228
0.06117225043194918
0.06716422214481033
0.029917414349439397
0.059988769427250066
0.029881103500245622
0.029383580074964152
0.06661577283028286
0.06540487665503325
0.05890961301415798
0.06393291987800165
0.1273647936149185
0.02990615560764215
0.0645628851816995
0.12548429723226195
0.06481162171401955
0.029558305595771404
0.12372318550670872
0.06534889559896362
0.02884819252274877
0.12208333554495761
0.11989908598694111
0.06389510280050992
0.027703325109544846
0.02728468875399854
0.06328826806523957
0.06703500535958562
0.06158195247712939
0.12104687746680715
0.06678058005845333
0.061172412464204684
0.06522836017971922
0.028847466388912876
0.12152638139154694
0.06119508840537036
0.06536668165201587
0.12131518855891293
0.11915590131742887
0.0667922314265057
0.027881940698013
0.062028353970821515
0.11870954338332197
0.027351675119093023
0.06712391175634203
0.027334968289441274
0.026929628799643994
0.11669060632817604
0.0638508129523897
0.026472409095296006
0.026096481602500797
0.11508483738262353
0.06435214886462581
0.02568696594995504
0.06914062949260769
0.06294129270128035
0.11581176442347592
0.06275437192697464
0.02607845265345145
0.06180620185700192
0.06055508720838776
0.02654589727722924
0.06825151949835218
0.05935705695092608
0.11788218494670369
0.05933952249228536
0.11677272927935321
0.05930856325529432
0.06850446794046983
0.0671919434168633
0.0659431828416912
0.11875077912303417
0.11671029497691675
0.026816428749807258
0.06756067539838762
0.05938495877587946
0.11631575171139617
0.0593454461311087
0.06688580893526819
0.05788647176732131
0.02790848691216135
0.05717781083133455
0.06534713471389764
0.1185722085598463
0.05692791776423367
0.02810704902595267
0.0654402022736239
0.11798549268178653
0.027503221700346556
0.0658154523788721
0.02747386848168895
0.06492765974165415
0.06378283456551237
0.11818894325104123
0.05785839920455982
0.05679641213047526
0.02805512261750681
0.06361324400668855
0.027996420583272393
0.06281737435265877
0.0279330551993681
0.05620432178927803
0.05520702068309358
0.0614891660139929
0.060489089810006114
0.05368909736750649
0.12312220285067854
0.028762394656794792
0.12036086802712961
0.11816660496505854
0.05645700522376762
0.027559573385659782
0.05579313625568627
0.11740567898139417
0.02698855074031307
0.06448160872283049
0.05590267002095195
0.054930062262911084
0.053999880843094816
0.053109154715409335
0.11924126077589221
0.11710493473978634
0.06470326969198725
0.027699639824856917
0.06385650316719793
0.06275439147190187
0.02801103821354681
0.06198701177984267
0.11816532774641639
0.05487458192680261
0.06188964608202452
0.028109050905137618
0.11744722978842731
0.06234496250566002
0.0547518923969631
0.053827055697578285
0.028232194473179588
0.06105930460885456
0.05298948579351681
0.05982061104684622
0.12020486742353545
0.028261956648039998
0.06036941312664312
0.05298955767919489
0.028542974735357697
0.11893541430495443
0.053513928455533266
0.11757082069563869
0.11549590004400528
0.054692380620890546
0.05378030766813413
0.11509010487184756
0.027003065440981407
0.054216265868480495
0.026971145872769147
0.06361956237316402
0.0625252392401281
0.05305963967585159
0.02764047911793928
0.061496930777832914
0.0604930702965466
0.05197847835162683
0.05116623364649775
0.050385676759575504
0.02897488302179828
0.11924645157199007
0.0279298569503186
0.060554838841437864
0.051010447857501084
0.028197232746580807
0.0277707293605613
0.027359543575899387
0.051143918125236776
0.050362419588623974
0.04961072623500562
0.0594402892100625
0.048637371096420634
0.12121793890799594
0.028020140068620625
0.059776104509114414
0.05883537736747446
0.057933219735749386
0.04852318996811755
0.04783179134197346
0.02925577168803573
0.04746322519828672
0.029121779353329394
0.04710266165213117
0.02898886499481925
0.12302936157967145
0.05824522947357258
0.028237020988049737
0.05762613075287748
0.12197583609324056
0.11955708962174749
0.11729833801575211
0.06032184391601392
0.11607599688572515
0.026207545031036374
0.11370939354961121
0.061886944208469075
0.060862396976950395
0.052058786964697124
0.05124548954113217
0.11505033447251349
0.1130588411239022
0.0616319917336936
0.1120568429292658
0.06171518066993131
0.025814282806139757
0.0530640659778121
0.06069713380087349
0.02611366143111555
0.05223883174576893
0.11280205333708374
0.05236888365343495
0.06057087313405951
0.05128767744549456
0.11323558925151342
0.060459728482083586
0.05949822304454866
0.11303724707376862
0.02619441447076942
0.11082649834796261
0.10905582396678631
0.024920273139388577
0.10710419801520636
0.024181530189906694
0.02388051991576524
0.10501914960620477
0.10355726568621527
0.05748146167773471
0.06550075147653456
0.05615698406842995
0.0640380772731256
0.024124698254672453
0.10498033307682073
0.023437845930764895
0.06441057375118153
0.10409978547090479
0.05688989578275394
0.06398723793275307
0.023726601984458383
0.023438724610288723
0.023159205815025796
0.02288766852086732
0.056690025035387226
0.05570166296923906
0.10462214374076993
0.055618629795826546
0.06396283792987756
0.054388235473978974
0.10536933705793312
0.10387210193609164
0.023051178351410424
0.06481771203843412
0.0551633460987766
0.0542475031739289
0.023711676756756457
0.023425456672638442
0.10389278669195562
0.10246604711283772
0.05555859098714777
0.02272992383129651
0.022470076143420153
0.022217336923086646
0.10109597173096654
0.056207993972920534
0.02193928027654388
0.05550566122635925
0.05458444476595281
0.05370216960798724
0.10218647316862439
0.022228167686240467
0.06728197666740388
0.10146313788771581
0.021953178875727192
0.02171395641033664
0.054870117254191775
0.0671600238343617
0.05366924028564257
0.052822938969730115
0.022646982445722632
0.06557778193810715
0.10308146604149501
0.052760942263005095
0.06510474945262812
0.022927357182521705
0.051905718694964964
0.02294613376540932
0.02268288068097038
0.10306895497430418
0.10166773541690705
0.05318617169873385
0.052361443781589356
0.02228917863142952
0.10135261214954039
0.05257604236404656
0.10064452096846627
0.09935564796788486
0.06869198416988387
0.021639793402232512
0.02140887860839517
0.09854858980333941
0.05419040628556093
0.02115088905421892
0.02093200877319644
0.020718551947378584
0.06913376981222541
0.020811629684819997
0.02060156827111398
0.05414214447185817
0.020663181818026212
0.05350265223855766
0.052666877763921205
0.09944595934804684
0.09820694755752546
0.05334537866259814
0.052523305667429576
0.09820200968598825
0.020594678532977126
0.052674370118753755
0.05188168322041731
0.09798473905320726
0.020599047509690684
0.07077617636290112
0.05172675408967908
0.09804121298746407
0.09685804446730682
0.07094570703026903
0.020675888410572815
0.09637478884585096
0.02018462211203564
0.05319744827810102
0.09565118156806732
0.07150222831989872
0.0953995529595421
0.05344998709618576
0.020251036173454553
0.07085637331810202
0.06938316689065449
0.020657021755989574
0.052425481946675734
0.051639647529675314
0.06767013988585335
0.0981181051858664
0.020948021032533338
0.05151543058777186
0.06724887429597359
0.02128195361900806
0.09789648339636833
0.06710413035122575
0.06582155865119454
0.05081838738813316
0.050085060367145995
0.021844998039499932
0.049595147023474784
0.04890589535454415
0.04824100621107463
0.10092982702618902
0.09958753925269717
0.06551205850356301
0.0991056460694562
0.06523453217050768
0.06404259296583059
0.06290651738316477
0.10018870903246392
0.049375409489361366
0.06250784479256355
0.02270620199585975
0.061656001924615955
0.04840918084616197
0.06040553804828597
0.04751482340127455
0.046889150076143915
0.10321203468421344
0.02338246082464332
0.023108244586994838
0.022841718774046026
0.10101669107906645
0.048401777730470275
0.022483174813203752
0.022233209451323052
0.04817989536368916
0.10032292202957699
0.09898857472162993
0.09771702484819243
0.02125894291321733
0.0963047239779676
0.06528800555640601
0.05024943985198638
0.021268019184760442
0.02104759105530019
0.06426350227364741
0.0496889702002038
0.09737751702066255
0.09617408412360176
0.020748000903144832
0.06484736838285299
0.09558760495904589
0.06453963817765174
0.09520446600363819
0.05137042026448624
0.05062146030063863
0.04990046650039337
0.02124569190130005
0.049413251265222224
0.04873538268800448
0.09658504542888467
0.09540882112847972
0.020905859407456442
0.06520240514840614
0.020969578715705883
0.049539023645865154
0.09518099638761836
0.06484075377225196
0.06366590649630799
0.048981321253846355
0.0960750320463729
0.04897898442577797
0.06294711881626869
0.0480635681397078
0.061637790076944365
0.02220614531629784
0.04739554686273584
0.06059572822414394
0.022466961038936275
0.05981054740935454
0.05885567310985573
0.04629627578725615
0.10022644618040942
0.02262239144117536
0.05881374236040504
0.02262521060538535
0.09911797383080984
0.09780115761370078
0.04795718263351623
0.04732233089863902
0.022191099236036856
0.09738934729362854
0.047580909389417836
0.021865598257070806
0.02163149098027415
0.09626076337869333
0.06146284084816378
0.09578765807938988
0.06127473344901768
0.06025884939543957
0.05928645050510206
0.05835466041707826
0.047488431123717256
0.05725677706967558
0.09862870138503962
0.04732758677443527
0.09785110692237738
0.05786838683199991
0.022365616630788298
0.05718462654258205
0.09771617064750567
0.04782529569480465
0.02227508903805061
0.022030834254442005
0.09654886743239605
0.05814297981475003
0.021721935656283994
0.04825354770610235
0.05723480714576479
0.056384556388650586
0.09766551064985475
0.0963884824025272
0.02156605586975487
0.04871986015124086
0.04805381839709866
0.021817946260364065
0.04761627356724529
0.04698784624696151
0.022055034364566385
0.09665186978898438
0.05772628696373161
0.05685529677723067
0.04680229537588387
0.02221183884140645
0.04640238623782511
0.04581143033204349
0.05562280756456306
0.09876882818230695
0.0457034072403002
0.022556876718915063
0.09772212442520342
0.021978053339683962
0.09622126860871041
0.021432034886818354
0.09480253978534915
0.09364732712151494
0.059206122667245564
0.020870171657126048
0.09301574435755795
0.09193646606723918
0.059997199909591736
0.049274303951464704
0.05881921052143335
0.09270894287124887
0.05867010595519473
0.05776316615791521
0.056892571480022136
0.02123331222637654
0.09336269678332797
0.04915155679791672
0.09276818576412965
0.049099863627858786
0.05732174433132531
0.021150882569863624
0.09263589696130926
0.057393094573784276
0.09218677791057776
0.020608317539898953
0.09094987970943154
0.020143624007995405
0.019950046148252725
Terminated: e=0.019950046148252725 line=4032
final_outputs:
+0.019760958663699 

final_outputs:
+0.089607512071308 

final_outputs:
+0.941474501905574 

final_outputs:
+0.949360883209737 

